{
 "cells": [
  {
   "cell_type": "markdown",
   "id": "111177ff",
   "metadata": {},
   "source": [
    "* **dataset** https://www.kaggle.com/code/prasadperera/the-boston-housing-dataset\n",
    "* **some references**: https://medium.com/@davemason_34760/machine-learning-regression-and-data-analysis-with-the-boston-housing-dataset-in-python-part-2-da589b905cc3\n",
    "\n",
    "* **Kaggle kernel** https://www.kaggle.com/code/prasadperera/the-boston-housing-dataset/notebook?fbclid=IwAR1tUhsklsmFTAW4odModNHzHjiJEOwFcSKteB5Qw5LgtIJPlWcVLA-0p7U\n",
    "* **ridge method** https://scikit-learn.org/stable/modules/linear_model.html#ordinary-least-squares\n",
    "* **superviesed learning** https://scikit-learn.org/stable/supervised_learning.html#supervised-learning\n",
    "* **feature selection** https://scikit-learn.org/stable/modules/feature_selection.html"
   ]
  },
  {
   "cell_type": "code",
   "execution_count": 75,
   "id": "aa296b4f",
   "metadata": {},
   "outputs": [],
   "source": [
    "import matplotlib.pyplot as plt\n",
    "import seaborn as sns\n",
    "import numpy as np\n",
    "import pandas as pd\n",
    "from sklearn import linear_model\n",
    "from sklearn.preprocessing import MinMaxScaler, StandardScaler\n",
    "from sklearn.metrics import mean_squared_error\n",
    "#to remove features with low variance\n",
    "from sklearn.feature_selection import VarianceThreshold\n",
    "from sklearn.ensemble import RandomForestRegressor, GradientBoostingRegressor\n",
    "\n",
    "from sklearn.model_selection import GridSearchCV"
   ]
  },
  {
   "cell_type": "code",
   "execution_count": 2,
   "id": "080f100d",
   "metadata": {},
   "outputs": [],
   "source": [
    "#load data\n",
    "df_train=pd.read_csv('Boston_housing/train.csv')\n",
    "df_test=pd.read_csv('Boston_housing/test.csv')\n",
    "df_sub=pd.read_csv('Boston_housing/submission_example.csv')"
   ]
  },
  {
   "cell_type": "code",
   "execution_count": 74,
   "id": "9b07a920",
   "metadata": {},
   "outputs": [
    {
     "data": {
      "text/html": [
       "<div>\n",
       "<style scoped>\n",
       "    .dataframe tbody tr th:only-of-type {\n",
       "        vertical-align: middle;\n",
       "    }\n",
       "\n",
       "    .dataframe tbody tr th {\n",
       "        vertical-align: top;\n",
       "    }\n",
       "\n",
       "    .dataframe thead th {\n",
       "        text-align: right;\n",
       "    }\n",
       "</style>\n",
       "<table border=\"1\" class=\"dataframe\">\n",
       "  <thead>\n",
       "    <tr style=\"text-align: right;\">\n",
       "      <th></th>\n",
       "      <th>ID</th>\n",
       "      <th>crim</th>\n",
       "      <th>zn</th>\n",
       "      <th>indus</th>\n",
       "      <th>chas</th>\n",
       "      <th>nox</th>\n",
       "      <th>rm</th>\n",
       "      <th>age</th>\n",
       "      <th>dis</th>\n",
       "      <th>rad</th>\n",
       "      <th>tax</th>\n",
       "      <th>ptratio</th>\n",
       "      <th>black</th>\n",
       "      <th>lstat</th>\n",
       "      <th>medv</th>\n",
       "    </tr>\n",
       "  </thead>\n",
       "  <tbody>\n",
       "    <tr>\n",
       "      <th>0</th>\n",
       "      <td>1</td>\n",
       "      <td>0.00632</td>\n",
       "      <td>18.0</td>\n",
       "      <td>2.31</td>\n",
       "      <td>0</td>\n",
       "      <td>0.538</td>\n",
       "      <td>6.575</td>\n",
       "      <td>65.2</td>\n",
       "      <td>4.0900</td>\n",
       "      <td>1</td>\n",
       "      <td>296</td>\n",
       "      <td>15.3</td>\n",
       "      <td>396.90</td>\n",
       "      <td>4.98</td>\n",
       "      <td>24.0</td>\n",
       "    </tr>\n",
       "    <tr>\n",
       "      <th>1</th>\n",
       "      <td>2</td>\n",
       "      <td>0.02731</td>\n",
       "      <td>0.0</td>\n",
       "      <td>7.07</td>\n",
       "      <td>0</td>\n",
       "      <td>0.469</td>\n",
       "      <td>6.421</td>\n",
       "      <td>78.9</td>\n",
       "      <td>4.9671</td>\n",
       "      <td>2</td>\n",
       "      <td>242</td>\n",
       "      <td>17.8</td>\n",
       "      <td>396.90</td>\n",
       "      <td>9.14</td>\n",
       "      <td>21.6</td>\n",
       "    </tr>\n",
       "    <tr>\n",
       "      <th>2</th>\n",
       "      <td>4</td>\n",
       "      <td>0.03237</td>\n",
       "      <td>0.0</td>\n",
       "      <td>2.18</td>\n",
       "      <td>0</td>\n",
       "      <td>0.458</td>\n",
       "      <td>6.998</td>\n",
       "      <td>45.8</td>\n",
       "      <td>6.0622</td>\n",
       "      <td>3</td>\n",
       "      <td>222</td>\n",
       "      <td>18.7</td>\n",
       "      <td>394.63</td>\n",
       "      <td>2.94</td>\n",
       "      <td>33.4</td>\n",
       "    </tr>\n",
       "    <tr>\n",
       "      <th>3</th>\n",
       "      <td>5</td>\n",
       "      <td>0.06905</td>\n",
       "      <td>0.0</td>\n",
       "      <td>2.18</td>\n",
       "      <td>0</td>\n",
       "      <td>0.458</td>\n",
       "      <td>7.147</td>\n",
       "      <td>54.2</td>\n",
       "      <td>6.0622</td>\n",
       "      <td>3</td>\n",
       "      <td>222</td>\n",
       "      <td>18.7</td>\n",
       "      <td>396.90</td>\n",
       "      <td>5.33</td>\n",
       "      <td>36.2</td>\n",
       "    </tr>\n",
       "    <tr>\n",
       "      <th>4</th>\n",
       "      <td>7</td>\n",
       "      <td>0.08829</td>\n",
       "      <td>12.5</td>\n",
       "      <td>7.87</td>\n",
       "      <td>0</td>\n",
       "      <td>0.524</td>\n",
       "      <td>6.012</td>\n",
       "      <td>66.6</td>\n",
       "      <td>5.5605</td>\n",
       "      <td>5</td>\n",
       "      <td>311</td>\n",
       "      <td>15.2</td>\n",
       "      <td>395.60</td>\n",
       "      <td>12.43</td>\n",
       "      <td>22.9</td>\n",
       "    </tr>\n",
       "    <tr>\n",
       "      <th>...</th>\n",
       "      <td>...</td>\n",
       "      <td>...</td>\n",
       "      <td>...</td>\n",
       "      <td>...</td>\n",
       "      <td>...</td>\n",
       "      <td>...</td>\n",
       "      <td>...</td>\n",
       "      <td>...</td>\n",
       "      <td>...</td>\n",
       "      <td>...</td>\n",
       "      <td>...</td>\n",
       "      <td>...</td>\n",
       "      <td>...</td>\n",
       "      <td>...</td>\n",
       "      <td>...</td>\n",
       "    </tr>\n",
       "    <tr>\n",
       "      <th>328</th>\n",
       "      <td>500</td>\n",
       "      <td>0.17783</td>\n",
       "      <td>0.0</td>\n",
       "      <td>9.69</td>\n",
       "      <td>0</td>\n",
       "      <td>0.585</td>\n",
       "      <td>5.569</td>\n",
       "      <td>73.5</td>\n",
       "      <td>2.3999</td>\n",
       "      <td>6</td>\n",
       "      <td>391</td>\n",
       "      <td>19.2</td>\n",
       "      <td>395.77</td>\n",
       "      <td>15.10</td>\n",
       "      <td>17.5</td>\n",
       "    </tr>\n",
       "    <tr>\n",
       "      <th>329</th>\n",
       "      <td>502</td>\n",
       "      <td>0.06263</td>\n",
       "      <td>0.0</td>\n",
       "      <td>11.93</td>\n",
       "      <td>0</td>\n",
       "      <td>0.573</td>\n",
       "      <td>6.593</td>\n",
       "      <td>69.1</td>\n",
       "      <td>2.4786</td>\n",
       "      <td>1</td>\n",
       "      <td>273</td>\n",
       "      <td>21.0</td>\n",
       "      <td>391.99</td>\n",
       "      <td>9.67</td>\n",
       "      <td>22.4</td>\n",
       "    </tr>\n",
       "    <tr>\n",
       "      <th>330</th>\n",
       "      <td>503</td>\n",
       "      <td>0.04527</td>\n",
       "      <td>0.0</td>\n",
       "      <td>11.93</td>\n",
       "      <td>0</td>\n",
       "      <td>0.573</td>\n",
       "      <td>6.120</td>\n",
       "      <td>76.7</td>\n",
       "      <td>2.2875</td>\n",
       "      <td>1</td>\n",
       "      <td>273</td>\n",
       "      <td>21.0</td>\n",
       "      <td>396.90</td>\n",
       "      <td>9.08</td>\n",
       "      <td>20.6</td>\n",
       "    </tr>\n",
       "    <tr>\n",
       "      <th>331</th>\n",
       "      <td>504</td>\n",
       "      <td>0.06076</td>\n",
       "      <td>0.0</td>\n",
       "      <td>11.93</td>\n",
       "      <td>0</td>\n",
       "      <td>0.573</td>\n",
       "      <td>6.976</td>\n",
       "      <td>91.0</td>\n",
       "      <td>2.1675</td>\n",
       "      <td>1</td>\n",
       "      <td>273</td>\n",
       "      <td>21.0</td>\n",
       "      <td>396.90</td>\n",
       "      <td>5.64</td>\n",
       "      <td>23.9</td>\n",
       "    </tr>\n",
       "    <tr>\n",
       "      <th>332</th>\n",
       "      <td>506</td>\n",
       "      <td>0.04741</td>\n",
       "      <td>0.0</td>\n",
       "      <td>11.93</td>\n",
       "      <td>0</td>\n",
       "      <td>0.573</td>\n",
       "      <td>6.030</td>\n",
       "      <td>80.8</td>\n",
       "      <td>2.5050</td>\n",
       "      <td>1</td>\n",
       "      <td>273</td>\n",
       "      <td>21.0</td>\n",
       "      <td>396.90</td>\n",
       "      <td>7.88</td>\n",
       "      <td>11.9</td>\n",
       "    </tr>\n",
       "  </tbody>\n",
       "</table>\n",
       "<p>333 rows × 15 columns</p>\n",
       "</div>"
      ],
      "text/plain": [
       "      ID     crim    zn  indus  chas    nox     rm   age     dis  rad  tax  \\\n",
       "0      1  0.00632  18.0   2.31     0  0.538  6.575  65.2  4.0900    1  296   \n",
       "1      2  0.02731   0.0   7.07     0  0.469  6.421  78.9  4.9671    2  242   \n",
       "2      4  0.03237   0.0   2.18     0  0.458  6.998  45.8  6.0622    3  222   \n",
       "3      5  0.06905   0.0   2.18     0  0.458  7.147  54.2  6.0622    3  222   \n",
       "4      7  0.08829  12.5   7.87     0  0.524  6.012  66.6  5.5605    5  311   \n",
       "..   ...      ...   ...    ...   ...    ...    ...   ...     ...  ...  ...   \n",
       "328  500  0.17783   0.0   9.69     0  0.585  5.569  73.5  2.3999    6  391   \n",
       "329  502  0.06263   0.0  11.93     0  0.573  6.593  69.1  2.4786    1  273   \n",
       "330  503  0.04527   0.0  11.93     0  0.573  6.120  76.7  2.2875    1  273   \n",
       "331  504  0.06076   0.0  11.93     0  0.573  6.976  91.0  2.1675    1  273   \n",
       "332  506  0.04741   0.0  11.93     0  0.573  6.030  80.8  2.5050    1  273   \n",
       "\n",
       "     ptratio   black  lstat  medv  \n",
       "0       15.3  396.90   4.98  24.0  \n",
       "1       17.8  396.90   9.14  21.6  \n",
       "2       18.7  394.63   2.94  33.4  \n",
       "3       18.7  396.90   5.33  36.2  \n",
       "4       15.2  395.60  12.43  22.9  \n",
       "..       ...     ...    ...   ...  \n",
       "328     19.2  395.77  15.10  17.5  \n",
       "329     21.0  391.99   9.67  22.4  \n",
       "330     21.0  396.90   9.08  20.6  \n",
       "331     21.0  396.90   5.64  23.9  \n",
       "332     21.0  396.90   7.88  11.9  \n",
       "\n",
       "[333 rows x 15 columns]"
      ]
     },
     "execution_count": 74,
     "metadata": {},
     "output_type": "execute_result"
    }
   ],
   "source": [
    "df_train"
   ]
  },
  {
   "cell_type": "code",
   "execution_count": 19,
   "id": "dc33b619",
   "metadata": {},
   "outputs": [
    {
     "data": {
      "text/html": [
       "<div>\n",
       "<style scoped>\n",
       "    .dataframe tbody tr th:only-of-type {\n",
       "        vertical-align: middle;\n",
       "    }\n",
       "\n",
       "    .dataframe tbody tr th {\n",
       "        vertical-align: top;\n",
       "    }\n",
       "\n",
       "    .dataframe thead th {\n",
       "        text-align: right;\n",
       "    }\n",
       "</style>\n",
       "<table border=\"1\" class=\"dataframe\">\n",
       "  <thead>\n",
       "    <tr style=\"text-align: right;\">\n",
       "      <th></th>\n",
       "      <th>ID</th>\n",
       "      <th>crim</th>\n",
       "      <th>zn</th>\n",
       "      <th>indus</th>\n",
       "      <th>chas</th>\n",
       "      <th>nox</th>\n",
       "      <th>rm</th>\n",
       "      <th>age</th>\n",
       "      <th>dis</th>\n",
       "      <th>rad</th>\n",
       "      <th>tax</th>\n",
       "      <th>ptratio</th>\n",
       "      <th>black</th>\n",
       "      <th>lstat</th>\n",
       "      <th>medv</th>\n",
       "    </tr>\n",
       "  </thead>\n",
       "  <tbody>\n",
       "    <tr>\n",
       "      <th>0</th>\n",
       "      <td>1</td>\n",
       "      <td>0.00632</td>\n",
       "      <td>18.0</td>\n",
       "      <td>2.31</td>\n",
       "      <td>0</td>\n",
       "      <td>0.538</td>\n",
       "      <td>6.575</td>\n",
       "      <td>65.2</td>\n",
       "      <td>4.0900</td>\n",
       "      <td>1</td>\n",
       "      <td>296</td>\n",
       "      <td>15.3</td>\n",
       "      <td>396.90</td>\n",
       "      <td>4.98</td>\n",
       "      <td>24.0</td>\n",
       "    </tr>\n",
       "    <tr>\n",
       "      <th>1</th>\n",
       "      <td>2</td>\n",
       "      <td>0.02731</td>\n",
       "      <td>0.0</td>\n",
       "      <td>7.07</td>\n",
       "      <td>0</td>\n",
       "      <td>0.469</td>\n",
       "      <td>6.421</td>\n",
       "      <td>78.9</td>\n",
       "      <td>4.9671</td>\n",
       "      <td>2</td>\n",
       "      <td>242</td>\n",
       "      <td>17.8</td>\n",
       "      <td>396.90</td>\n",
       "      <td>9.14</td>\n",
       "      <td>21.6</td>\n",
       "    </tr>\n",
       "    <tr>\n",
       "      <th>2</th>\n",
       "      <td>4</td>\n",
       "      <td>0.03237</td>\n",
       "      <td>0.0</td>\n",
       "      <td>2.18</td>\n",
       "      <td>0</td>\n",
       "      <td>0.458</td>\n",
       "      <td>6.998</td>\n",
       "      <td>45.8</td>\n",
       "      <td>6.0622</td>\n",
       "      <td>3</td>\n",
       "      <td>222</td>\n",
       "      <td>18.7</td>\n",
       "      <td>394.63</td>\n",
       "      <td>2.94</td>\n",
       "      <td>33.4</td>\n",
       "    </tr>\n",
       "    <tr>\n",
       "      <th>3</th>\n",
       "      <td>5</td>\n",
       "      <td>0.06905</td>\n",
       "      <td>0.0</td>\n",
       "      <td>2.18</td>\n",
       "      <td>0</td>\n",
       "      <td>0.458</td>\n",
       "      <td>7.147</td>\n",
       "      <td>54.2</td>\n",
       "      <td>6.0622</td>\n",
       "      <td>3</td>\n",
       "      <td>222</td>\n",
       "      <td>18.7</td>\n",
       "      <td>396.90</td>\n",
       "      <td>5.33</td>\n",
       "      <td>36.2</td>\n",
       "    </tr>\n",
       "    <tr>\n",
       "      <th>4</th>\n",
       "      <td>7</td>\n",
       "      <td>0.08829</td>\n",
       "      <td>12.5</td>\n",
       "      <td>7.87</td>\n",
       "      <td>0</td>\n",
       "      <td>0.524</td>\n",
       "      <td>6.012</td>\n",
       "      <td>66.6</td>\n",
       "      <td>5.5605</td>\n",
       "      <td>5</td>\n",
       "      <td>311</td>\n",
       "      <td>15.2</td>\n",
       "      <td>395.60</td>\n",
       "      <td>12.43</td>\n",
       "      <td>22.9</td>\n",
       "    </tr>\n",
       "  </tbody>\n",
       "</table>\n",
       "</div>"
      ],
      "text/plain": [
       "   ID     crim    zn  indus  chas    nox     rm   age     dis  rad  tax  \\\n",
       "0   1  0.00632  18.0   2.31     0  0.538  6.575  65.2  4.0900    1  296   \n",
       "1   2  0.02731   0.0   7.07     0  0.469  6.421  78.9  4.9671    2  242   \n",
       "2   4  0.03237   0.0   2.18     0  0.458  6.998  45.8  6.0622    3  222   \n",
       "3   5  0.06905   0.0   2.18     0  0.458  7.147  54.2  6.0622    3  222   \n",
       "4   7  0.08829  12.5   7.87     0  0.524  6.012  66.6  5.5605    5  311   \n",
       "\n",
       "   ptratio   black  lstat  medv  \n",
       "0     15.3  396.90   4.98  24.0  \n",
       "1     17.8  396.90   9.14  21.6  \n",
       "2     18.7  394.63   2.94  33.4  \n",
       "3     18.7  396.90   5.33  36.2  \n",
       "4     15.2  395.60  12.43  22.9  "
      ]
     },
     "execution_count": 19,
     "metadata": {},
     "output_type": "execute_result"
    }
   ],
   "source": [
    "df_train.head()"
   ]
  },
  {
   "cell_type": "markdown",
   "id": "1cdef2b9",
   "metadata": {},
   "source": [
    "* CRIM - per capita crime rate by town\n",
    "* ZN - proportion of residential land zoned for lots over 25,000 sq.ft.\n",
    "* INDUS - proportion of non-retail business acres per town.\n",
    "* **CHAS** - Charles River dummy variable (1 if tract bounds river; 0 otherwise)- **categorical**\n",
    "* NOX - nitric oxides concentration (parts per 10 million)\n",
    "* RM - average number of rooms per dwelling\n",
    "* AGE - proportion of owner-occupied units built prior to 1940\n",
    "* DIS - weighted distances to five Boston employment centres\n",
    "* RAD - index of accessibility to radial highways\n",
    "* TAX - full-value property-tax rate per \\$10,000\n",
    "* PTRATIO - pupil-teacher ratio by town\n",
    "* B - 1000(Bk - 0.63)^2 where Bk is the proportion of blacks by town\n",
    "* LSTAT - % lower status of the population\n",
    "* MEDV - Median value of owner-occupied homes in \\$1000's"
   ]
  },
  {
   "cell_type": "markdown",
   "id": "c49db059",
   "metadata": {},
   "source": [
    "## 1. Exploratory Data Analysis"
   ]
  },
  {
   "cell_type": "code",
   "execution_count": 20,
   "id": "02ccf28a",
   "metadata": {},
   "outputs": [
    {
     "data": {
      "text/plain": [
       "array([0, 1], dtype=int64)"
      ]
     },
     "execution_count": 20,
     "metadata": {},
     "output_type": "execute_result"
    }
   ],
   "source": [
    "df_train['chas'].unique()"
   ]
  },
  {
   "cell_type": "code",
   "execution_count": 21,
   "id": "e29a6eec",
   "metadata": {},
   "outputs": [],
   "source": [
    "correlation=df_train.corr()"
   ]
  },
  {
   "cell_type": "code",
   "execution_count": 22,
   "id": "c4d6f0be",
   "metadata": {},
   "outputs": [
    {
     "data": {
      "text/html": [
       "<div>\n",
       "<style scoped>\n",
       "    .dataframe tbody tr th:only-of-type {\n",
       "        vertical-align: middle;\n",
       "    }\n",
       "\n",
       "    .dataframe tbody tr th {\n",
       "        vertical-align: top;\n",
       "    }\n",
       "\n",
       "    .dataframe thead th {\n",
       "        text-align: right;\n",
       "    }\n",
       "</style>\n",
       "<table border=\"1\" class=\"dataframe\">\n",
       "  <thead>\n",
       "    <tr style=\"text-align: right;\">\n",
       "      <th></th>\n",
       "      <th>ID</th>\n",
       "      <th>crim</th>\n",
       "      <th>zn</th>\n",
       "      <th>indus</th>\n",
       "      <th>chas</th>\n",
       "      <th>nox</th>\n",
       "      <th>rm</th>\n",
       "      <th>age</th>\n",
       "      <th>dis</th>\n",
       "      <th>rad</th>\n",
       "      <th>tax</th>\n",
       "      <th>ptratio</th>\n",
       "      <th>black</th>\n",
       "      <th>lstat</th>\n",
       "      <th>medv</th>\n",
       "    </tr>\n",
       "  </thead>\n",
       "  <tbody>\n",
       "    <tr>\n",
       "      <th>ID</th>\n",
       "      <td>1.000000</td>\n",
       "      <td>0.456312</td>\n",
       "      <td>-0.155639</td>\n",
       "      <td>0.421978</td>\n",
       "      <td>0.007958</td>\n",
       "      <td>0.440185</td>\n",
       "      <td>-0.112790</td>\n",
       "      <td>0.257300</td>\n",
       "      <td>-0.356461</td>\n",
       "      <td>0.707526</td>\n",
       "      <td>0.686246</td>\n",
       "      <td>0.309838</td>\n",
       "      <td>-0.271619</td>\n",
       "      <td>0.281953</td>\n",
       "      <td>-0.221694</td>\n",
       "    </tr>\n",
       "    <tr>\n",
       "      <th>crim</th>\n",
       "      <td>0.456312</td>\n",
       "      <td>1.000000</td>\n",
       "      <td>-0.210913</td>\n",
       "      <td>0.422228</td>\n",
       "      <td>-0.041195</td>\n",
       "      <td>0.463001</td>\n",
       "      <td>-0.310180</td>\n",
       "      <td>0.379034</td>\n",
       "      <td>-0.397067</td>\n",
       "      <td>0.666636</td>\n",
       "      <td>0.617081</td>\n",
       "      <td>0.313409</td>\n",
       "      <td>-0.475796</td>\n",
       "      <td>0.532077</td>\n",
       "      <td>-0.407454</td>\n",
       "    </tr>\n",
       "    <tr>\n",
       "      <th>zn</th>\n",
       "      <td>-0.155639</td>\n",
       "      <td>-0.210913</td>\n",
       "      <td>1.000000</td>\n",
       "      <td>-0.518679</td>\n",
       "      <td>-0.024442</td>\n",
       "      <td>-0.501990</td>\n",
       "      <td>0.328197</td>\n",
       "      <td>-0.544513</td>\n",
       "      <td>0.637142</td>\n",
       "      <td>-0.303663</td>\n",
       "      <td>-0.311180</td>\n",
       "      <td>-0.380449</td>\n",
       "      <td>0.168130</td>\n",
       "      <td>-0.388112</td>\n",
       "      <td>0.344842</td>\n",
       "    </tr>\n",
       "    <tr>\n",
       "      <th>indus</th>\n",
       "      <td>0.421978</td>\n",
       "      <td>0.422228</td>\n",
       "      <td>-0.518679</td>\n",
       "      <td>1.000000</td>\n",
       "      <td>0.037496</td>\n",
       "      <td>0.750087</td>\n",
       "      <td>-0.440365</td>\n",
       "      <td>0.638378</td>\n",
       "      <td>-0.702327</td>\n",
       "      <td>0.569779</td>\n",
       "      <td>0.708313</td>\n",
       "      <td>0.391087</td>\n",
       "      <td>-0.335049</td>\n",
       "      <td>0.614155</td>\n",
       "      <td>-0.473932</td>\n",
       "    </tr>\n",
       "    <tr>\n",
       "      <th>chas</th>\n",
       "      <td>0.007958</td>\n",
       "      <td>-0.041195</td>\n",
       "      <td>-0.024442</td>\n",
       "      <td>0.037496</td>\n",
       "      <td>1.000000</td>\n",
       "      <td>0.080275</td>\n",
       "      <td>0.112251</td>\n",
       "      <td>0.068286</td>\n",
       "      <td>-0.081834</td>\n",
       "      <td>0.007714</td>\n",
       "      <td>-0.021826</td>\n",
       "      <td>-0.125067</td>\n",
       "      <td>0.062029</td>\n",
       "      <td>-0.050055</td>\n",
       "      <td>0.204390</td>\n",
       "    </tr>\n",
       "    <tr>\n",
       "      <th>nox</th>\n",
       "      <td>0.440185</td>\n",
       "      <td>0.463001</td>\n",
       "      <td>-0.501990</td>\n",
       "      <td>0.750087</td>\n",
       "      <td>0.080275</td>\n",
       "      <td>1.000000</td>\n",
       "      <td>-0.338515</td>\n",
       "      <td>0.736000</td>\n",
       "      <td>-0.769364</td>\n",
       "      <td>0.612180</td>\n",
       "      <td>0.670722</td>\n",
       "      <td>0.192513</td>\n",
       "      <td>-0.369416</td>\n",
       "      <td>0.598874</td>\n",
       "      <td>-0.413054</td>\n",
       "    </tr>\n",
       "    <tr>\n",
       "      <th>rm</th>\n",
       "      <td>-0.112790</td>\n",
       "      <td>-0.310180</td>\n",
       "      <td>0.328197</td>\n",
       "      <td>-0.440365</td>\n",
       "      <td>0.112251</td>\n",
       "      <td>-0.338515</td>\n",
       "      <td>1.000000</td>\n",
       "      <td>-0.248573</td>\n",
       "      <td>0.269191</td>\n",
       "      <td>-0.272783</td>\n",
       "      <td>-0.356987</td>\n",
       "      <td>-0.366927</td>\n",
       "      <td>0.155202</td>\n",
       "      <td>-0.615747</td>\n",
       "      <td>0.689598</td>\n",
       "    </tr>\n",
       "    <tr>\n",
       "      <th>age</th>\n",
       "      <td>0.257300</td>\n",
       "      <td>0.379034</td>\n",
       "      <td>-0.544513</td>\n",
       "      <td>0.638378</td>\n",
       "      <td>0.068286</td>\n",
       "      <td>0.736000</td>\n",
       "      <td>-0.248573</td>\n",
       "      <td>1.000000</td>\n",
       "      <td>-0.764208</td>\n",
       "      <td>0.447380</td>\n",
       "      <td>0.511893</td>\n",
       "      <td>0.259293</td>\n",
       "      <td>-0.268054</td>\n",
       "      <td>0.588834</td>\n",
       "      <td>-0.358888</td>\n",
       "    </tr>\n",
       "    <tr>\n",
       "      <th>dis</th>\n",
       "      <td>-0.356461</td>\n",
       "      <td>-0.397067</td>\n",
       "      <td>0.637142</td>\n",
       "      <td>-0.702327</td>\n",
       "      <td>-0.081834</td>\n",
       "      <td>-0.769364</td>\n",
       "      <td>0.269191</td>\n",
       "      <td>-0.764208</td>\n",
       "      <td>1.000000</td>\n",
       "      <td>-0.477610</td>\n",
       "      <td>-0.529539</td>\n",
       "      <td>-0.231101</td>\n",
       "      <td>0.284374</td>\n",
       "      <td>-0.505939</td>\n",
       "      <td>0.249422</td>\n",
       "    </tr>\n",
       "    <tr>\n",
       "      <th>rad</th>\n",
       "      <td>0.707526</td>\n",
       "      <td>0.666636</td>\n",
       "      <td>-0.303663</td>\n",
       "      <td>0.569779</td>\n",
       "      <td>0.007714</td>\n",
       "      <td>0.612180</td>\n",
       "      <td>-0.272783</td>\n",
       "      <td>0.447380</td>\n",
       "      <td>-0.477610</td>\n",
       "      <td>1.000000</td>\n",
       "      <td>0.903562</td>\n",
       "      <td>0.470849</td>\n",
       "      <td>-0.406405</td>\n",
       "      <td>0.484568</td>\n",
       "      <td>-0.352251</td>\n",
       "    </tr>\n",
       "    <tr>\n",
       "      <th>tax</th>\n",
       "      <td>0.686246</td>\n",
       "      <td>0.617081</td>\n",
       "      <td>-0.311180</td>\n",
       "      <td>0.708313</td>\n",
       "      <td>-0.021826</td>\n",
       "      <td>0.670722</td>\n",
       "      <td>-0.356987</td>\n",
       "      <td>0.511893</td>\n",
       "      <td>-0.529539</td>\n",
       "      <td>0.903562</td>\n",
       "      <td>1.000000</td>\n",
       "      <td>0.467437</td>\n",
       "      <td>-0.406477</td>\n",
       "      <td>0.544485</td>\n",
       "      <td>-0.448078</td>\n",
       "    </tr>\n",
       "    <tr>\n",
       "      <th>ptratio</th>\n",
       "      <td>0.309838</td>\n",
       "      <td>0.313409</td>\n",
       "      <td>-0.380449</td>\n",
       "      <td>0.391087</td>\n",
       "      <td>-0.125067</td>\n",
       "      <td>0.192513</td>\n",
       "      <td>-0.366927</td>\n",
       "      <td>0.259293</td>\n",
       "      <td>-0.231101</td>\n",
       "      <td>0.470849</td>\n",
       "      <td>0.467437</td>\n",
       "      <td>1.000000</td>\n",
       "      <td>-0.164614</td>\n",
       "      <td>0.374802</td>\n",
       "      <td>-0.481376</td>\n",
       "    </tr>\n",
       "    <tr>\n",
       "      <th>black</th>\n",
       "      <td>-0.271619</td>\n",
       "      <td>-0.475796</td>\n",
       "      <td>0.168130</td>\n",
       "      <td>-0.335049</td>\n",
       "      <td>0.062029</td>\n",
       "      <td>-0.369416</td>\n",
       "      <td>0.155202</td>\n",
       "      <td>-0.268054</td>\n",
       "      <td>0.284374</td>\n",
       "      <td>-0.406405</td>\n",
       "      <td>-0.406477</td>\n",
       "      <td>-0.164614</td>\n",
       "      <td>1.000000</td>\n",
       "      <td>-0.356693</td>\n",
       "      <td>0.336660</td>\n",
       "    </tr>\n",
       "    <tr>\n",
       "      <th>lstat</th>\n",
       "      <td>0.281953</td>\n",
       "      <td>0.532077</td>\n",
       "      <td>-0.388112</td>\n",
       "      <td>0.614155</td>\n",
       "      <td>-0.050055</td>\n",
       "      <td>0.598874</td>\n",
       "      <td>-0.615747</td>\n",
       "      <td>0.588834</td>\n",
       "      <td>-0.505939</td>\n",
       "      <td>0.484568</td>\n",
       "      <td>0.544485</td>\n",
       "      <td>0.374802</td>\n",
       "      <td>-0.356693</td>\n",
       "      <td>1.000000</td>\n",
       "      <td>-0.738600</td>\n",
       "    </tr>\n",
       "    <tr>\n",
       "      <th>medv</th>\n",
       "      <td>-0.221694</td>\n",
       "      <td>-0.407454</td>\n",
       "      <td>0.344842</td>\n",
       "      <td>-0.473932</td>\n",
       "      <td>0.204390</td>\n",
       "      <td>-0.413054</td>\n",
       "      <td>0.689598</td>\n",
       "      <td>-0.358888</td>\n",
       "      <td>0.249422</td>\n",
       "      <td>-0.352251</td>\n",
       "      <td>-0.448078</td>\n",
       "      <td>-0.481376</td>\n",
       "      <td>0.336660</td>\n",
       "      <td>-0.738600</td>\n",
       "      <td>1.000000</td>\n",
       "    </tr>\n",
       "  </tbody>\n",
       "</table>\n",
       "</div>"
      ],
      "text/plain": [
       "               ID      crim        zn     indus      chas       nox        rm  \\\n",
       "ID       1.000000  0.456312 -0.155639  0.421978  0.007958  0.440185 -0.112790   \n",
       "crim     0.456312  1.000000 -0.210913  0.422228 -0.041195  0.463001 -0.310180   \n",
       "zn      -0.155639 -0.210913  1.000000 -0.518679 -0.024442 -0.501990  0.328197   \n",
       "indus    0.421978  0.422228 -0.518679  1.000000  0.037496  0.750087 -0.440365   \n",
       "chas     0.007958 -0.041195 -0.024442  0.037496  1.000000  0.080275  0.112251   \n",
       "nox      0.440185  0.463001 -0.501990  0.750087  0.080275  1.000000 -0.338515   \n",
       "rm      -0.112790 -0.310180  0.328197 -0.440365  0.112251 -0.338515  1.000000   \n",
       "age      0.257300  0.379034 -0.544513  0.638378  0.068286  0.736000 -0.248573   \n",
       "dis     -0.356461 -0.397067  0.637142 -0.702327 -0.081834 -0.769364  0.269191   \n",
       "rad      0.707526  0.666636 -0.303663  0.569779  0.007714  0.612180 -0.272783   \n",
       "tax      0.686246  0.617081 -0.311180  0.708313 -0.021826  0.670722 -0.356987   \n",
       "ptratio  0.309838  0.313409 -0.380449  0.391087 -0.125067  0.192513 -0.366927   \n",
       "black   -0.271619 -0.475796  0.168130 -0.335049  0.062029 -0.369416  0.155202   \n",
       "lstat    0.281953  0.532077 -0.388112  0.614155 -0.050055  0.598874 -0.615747   \n",
       "medv    -0.221694 -0.407454  0.344842 -0.473932  0.204390 -0.413054  0.689598   \n",
       "\n",
       "              age       dis       rad       tax   ptratio     black     lstat  \\\n",
       "ID       0.257300 -0.356461  0.707526  0.686246  0.309838 -0.271619  0.281953   \n",
       "crim     0.379034 -0.397067  0.666636  0.617081  0.313409 -0.475796  0.532077   \n",
       "zn      -0.544513  0.637142 -0.303663 -0.311180 -0.380449  0.168130 -0.388112   \n",
       "indus    0.638378 -0.702327  0.569779  0.708313  0.391087 -0.335049  0.614155   \n",
       "chas     0.068286 -0.081834  0.007714 -0.021826 -0.125067  0.062029 -0.050055   \n",
       "nox      0.736000 -0.769364  0.612180  0.670722  0.192513 -0.369416  0.598874   \n",
       "rm      -0.248573  0.269191 -0.272783 -0.356987 -0.366927  0.155202 -0.615747   \n",
       "age      1.000000 -0.764208  0.447380  0.511893  0.259293 -0.268054  0.588834   \n",
       "dis     -0.764208  1.000000 -0.477610 -0.529539 -0.231101  0.284374 -0.505939   \n",
       "rad      0.447380 -0.477610  1.000000  0.903562  0.470849 -0.406405  0.484568   \n",
       "tax      0.511893 -0.529539  0.903562  1.000000  0.467437 -0.406477  0.544485   \n",
       "ptratio  0.259293 -0.231101  0.470849  0.467437  1.000000 -0.164614  0.374802   \n",
       "black   -0.268054  0.284374 -0.406405 -0.406477 -0.164614  1.000000 -0.356693   \n",
       "lstat    0.588834 -0.505939  0.484568  0.544485  0.374802 -0.356693  1.000000   \n",
       "medv    -0.358888  0.249422 -0.352251 -0.448078 -0.481376  0.336660 -0.738600   \n",
       "\n",
       "             medv  \n",
       "ID      -0.221694  \n",
       "crim    -0.407454  \n",
       "zn       0.344842  \n",
       "indus   -0.473932  \n",
       "chas     0.204390  \n",
       "nox     -0.413054  \n",
       "rm       0.689598  \n",
       "age     -0.358888  \n",
       "dis      0.249422  \n",
       "rad     -0.352251  \n",
       "tax     -0.448078  \n",
       "ptratio -0.481376  \n",
       "black    0.336660  \n",
       "lstat   -0.738600  \n",
       "medv     1.000000  "
      ]
     },
     "execution_count": 22,
     "metadata": {},
     "output_type": "execute_result"
    }
   ],
   "source": [
    "correlation"
   ]
  },
  {
   "cell_type": "code",
   "execution_count": 23,
   "id": "b2839c2c",
   "metadata": {},
   "outputs": [
    {
     "data": {
      "text/plain": [
       "medv       1.000000\n",
       "rm         0.689598\n",
       "zn         0.344842\n",
       "black      0.336660\n",
       "dis        0.249422\n",
       "chas       0.204390\n",
       "ID        -0.221694\n",
       "rad       -0.352251\n",
       "age       -0.358888\n",
       "crim      -0.407454\n",
       "nox       -0.413054\n",
       "tax       -0.448078\n",
       "indus     -0.473932\n",
       "ptratio   -0.481376\n",
       "lstat     -0.738600\n",
       "Name: medv, dtype: float64"
      ]
     },
     "execution_count": 23,
     "metadata": {},
     "output_type": "execute_result"
    }
   ],
   "source": [
    "correlation[\"medv\"].sort_values(ascending = False)"
   ]
  },
  {
   "cell_type": "code",
   "execution_count": 4,
   "id": "ff12095b",
   "metadata": {},
   "outputs": [
    {
     "data": {
      "text/plain": [
       "<AxesSubplot:>"
      ]
     },
     "execution_count": 4,
     "metadata": {},
     "output_type": "execute_result"
    },
    {
     "data": {
